[8474]
[15267]
[5621]
[17054]
[10267]
[10703]
[22060]
[12238]
[15485]
[11467]
[5654]
[3971]
[15360]
[6903]
[10028]
[11121]
[10181]
[12793]
[10944]
[12793]
[13662]
[5488]
[11224]
[3978]
[416]
[3826]
[11740]
[1926]
[16667]
[5654]
[13542]
[1399]
[10181]
[2780]
[78]
[5929]
[21819]
[5169]
[21720]
[22060]
[2710]
[20280]
[4583]
[11121]
[2269]
[1409]
[11396]
[17054]
[14949]
[18190]
[8474]
[2794]
[14297]
[21158]
[11467]
[10944]
[10637]
[16455]
[10703]
[20345]
[3155]
[17347]
[3603]
[10028]
[10394]
[14082]
[6903]
[4204]
[10525]
[16755]
[20785]
[19975]
[16392]
[6376]
[15360]
[9303]
[16804]
[21129]
[2103]
[18802]
[7000]
[10723]
[16583]
[3350]
[15182]
[5390]
[16942]
[1233]
[4136]
[12453]
[11463]
[16151]
[16971]
[10436]
[5355]
[13009]
[15566]
[14219]
[12864]
[21448]
[12602]
[11312]
[20816]
[3251]
[2246]
[3313]
[13110]
[13796]
[16309]
[19271]
[17770]
[14581]
[402]
[5919]
[17071]
[19203]
[15408]
[7131]
[10030]
[15403]
[20590]
[5152]
[3971]
[9054]
[4318]
[1636]
[4066]
[14224]
[20353]
[16948]
[69]
[21403]
[14978]
[18711]
[20512]
[12238]
[8548]
[15254]
[15459]
[12001]
[12075]
[10419]
[3263]
[18363]
[19247]
[7861]
[21758]
[5396]
[12563]
[9276]
[17113]
[19980]
[17233]
[15267]
[6831]
[12877]
[21471]
[358]
[5197]
[5190]
[4209]
[19998]
[8566]
[6954]
[1889]
[13534]
[19559]
[3931]
[3646]
[17384]
[19670]
[15485]
[12248]
[20471]
[16085]
[20160]
[8009]
[1502]
[11374]
[17682]
[4113]
[21059]
[10267]
[8124]
[18959]
[8392]
[19660]
[1403]
[13152]
[15817]
[1428]
[12782]
[5623]
[3301]
[7618]
[6369]
[314]
[5501]
[12760]
[17421]
[18211]
[21703]
[338]
[19955]
[6900]
[18583]
[4794]
[11394]
[7676]
[15748]
[15695]
[7328]
[15780]
[21418]
[18250]
[20400]
[12810]
[11079]
[3336]
[12150]
[16635]
[14729]
[2740]
[8919]
[4013]
[11927]
[13233]
[5421]
[2351]
[1460]
[19005]
[19785]
[10040]
[2787]
[15016]
[21881]
[5621]
[5216]
[17678]
[17792]
[8437]
[20981]
[6398]
[18536]
[18232]
[11857]
[13684]
[16551]
[16713]
[3613]
[3329]
[14104]
[8874]
[9780]
[4912]
[20992]
[17513]
[8752]
[13327]
[19426]
[20063]
[8059]
[14350]
[19892]
[7349]
[17452]
[12843]
[17235]
[10412]
[1073]
[10593]
[21577]
[4712]
[20475]
[13909]
[20282]
[8036]
[6819]
[15693]
[13786]
[5209]
[18490]
[3770]
[1459]
[18896]
[7167]
[16516]
[13657]
[5531]
[6666]
[12844]
[17486]
[17270]
[4801]
[13107]
[19938]
[13443]
[5235]
[2581]
[7282]
[17776]
[9896]
[9028]
[21171]
[19143]
[16471]
[7337]
[7140]
[7253]
[5195]
[96]
[10794]
[7343]
[10080]
[10009]
[15589]
[15895]
[17896]
[14374]
[4723]
[10055]
[1338]
[8029]
[20566]
[12408]
[3709]
[20952]
[13276]
[504]
